====================
cycle:1	96	ADDI	R0, R1, #5

registers:
r00:	5	0	0	0	0	0	0	0
r08:	0	0	0	0	0	0	0	0
r16:	0	0	0	0	0	0	0	0
r24:	0	0	0	0	0	0	0	0

data:
216:1	2	1	2	1	6	7	2
248:1	6	7
====================
cycle:2	100	B	#14

registers:
r00:	5	0	0	0	0	0	0	0
r08:	0	0	0	0	0	0	0	0
r16:	0	0	0	0	0	0	0	0
r24:	0	0	0	0	0	0	0	0

data:
216:1	2	1	2	1	6	7	2
248:1	6	7
====================
cycle:3	156	B	#-13

registers:
r00:	5	0	0	0	0	0	0	0
r08:	0	0	0	0	0	0	0	0
r16:	0	0	0	0	0	0	0	0
r24:	0	0	0	0	0	0	0	0

data:
216:1	2	1	2	1	6	7	2
248:1	6	7
====================
cycle:4	104	NOP

registers:
r00:	5	0	0	0	0	0	0	0
r08:	0	0	0	0	0	0	0	0
r16:	0	0	0	0	0	0	0	0
r24:	0	0	0	0	0	0	0	0

data:
216:1	2	1	2	1	6	7	2
248:1	6	7
====================
cycle:5	108	NOP

registers:
r00:	5	0	0	0	0	0	0	0
r08:	0	0	0	0	0	0	0	0
r16:	0	0	0	0	0	0	0	0
r24:	0	0	0	0	0	0	0	0

data:
216:1	2	1	2	1	6	7	2
248:1	6	7
====================
cycle:6	112	NOP

registers:
r00:	5	0	0	0	0	0	0	0
r08:	0	0	0	0	0	0	0	0
r16:	0	0	0	0	0	0	0	0
r24:	0	0	0	0	0	0	0	0

data:
216:1	2	1	2	1	6	7	2
248:1	6	7
====================
cycle:7	116	NOP

registers:
r00:	5	0	0	0	0	0	0	0
r08:	0	0	0	0	0	0	0	0
r16:	0	0	0	0	0	0	0	0
r24:	0	0	0	0	0	0	0	0

data:
216:1	2	1	2	1	6	7	2
248:1	6	7
====================
cycle:8	120	NOP

registers:
r00:	5	0	0	0	0	0	0	0
r08:	0	0	0	0	0	0	0	0
r16:	0	0	0	0	0	0	0	0
r24:	0	0	0	0	0	0	0	0

data:
216:1	2	1	2	1	6	7	2
248:1	6	7
====================
cycle:9	124	NOP

registers:
r00:	5	0	0	0	0	0	0	0
r08:	0	0	0	0	0	0	0	0
r16:	0	0	0	0	0	0	0	0
r24:	0	0	0	0	0	0	0	0

data:
216:1	2	1	2	1	6	7	2
248:1	6	7
====================
cycle:10	128	NOP

registers:
r00:	5	0	0	0	0	0	0	0
r08:	0	0	0	0	0	0	0	0
r16:	0	0	0	0	0	0	0	0
r24:	0	0	0	0	0	0	0	0

data:
216:1	2	1	2	1	6	7	2
248:1	6	7
====================
cycle:11	132	NOP

registers:
r00:	5	0	0	0	0	0	0	0
r08:	0	0	0	0	0	0	0	0
r16:	0	0	0	0	0	0	0	0
r24:	0	0	0	0	0	0	0	0

data:
216:1	2	1	2	1	6	7	2
248:1	6	7
====================
cycle:12	136	NOP

registers:
r00:	5	0	0	0	0	0	0	0
r08:	0	0	0	0	0	0	0	0
r16:	0	0	0	0	0	0	0	0
r24:	0	0	0	0	0	0	0	0

data:
216:1	2	1	2	1	6	7	2
248:1	6	7
====================
cycle:13	140	NOP

registers:
r00:	5	0	0	0	0	0	0	0
r08:	0	0	0	0	0	0	0	0
r16:	0	0	0	0	0	0	0	0
r24:	0	0	0	0	0	0	0	0

data:
216:1	2	1	2	1	6	7	2
248:1	6	7
====================
cycle:14	144	NOP

registers:
r00:	5	0	0	0	0	0	0	0
r08:	0	0	0	0	0	0	0	0
r16:	0	0	0	0	0	0	0	0
r24:	0	0	0	0	0	0	0	0

data:
216:1	2	1	2	1	6	7	2
248:1	6	7
====================
cycle:15	148	NOP

registers:
r00:	5	0	0	0	0	0	0	0
r08:	0	0	0	0	0	0	0	0
r16:	0	0	0	0	0	0	0	0
r24:	0	0	0	0	0	0	0	0

data:
216:1	2	1	2	1	6	7	2
248:1	6	7
====================
cycle:16	152	B	#2

registers:
r00:	5	0	0	0	0	0	0	0
r08:	0	0	0	0	0	0	0	0
r16:	0	0	0	0	0	0	0	0
r24:	0	0	0	0	0	0	0	0

data:
216:1	2	1	2	1	6	7	2
248:1	6	7
====================
cycle:17	160	NOP

registers:
r00:	5	0	0	0	0	0	0	0
r08:	0	0	0	0	0	0	0	0
r16:	0	0	0	0	0	0	0	0
r24:	0	0	0	0	0	0	0	0

data:
216:1	2	1	2	1	6	7	2
248:1	6	7
====================
cycle:18	164	NOP

registers:
r00:	5	0	0	0	0	0	0	0
r08:	0	0	0	0	0	0	0	0
r16:	0	0	0	0	0	0	0	0
r24:	0	0	0	0	0	0	0	0

data:
216:1	2	1	2	1	6	7	2
248:1	6	7
====================
cycle:19	168	NOP

registers:
r00:	5	0	0	0	0	0	0	0
r08:	0	0	0	0	0	0	0	0
r16:	0	0	0	0	0	0	0	0
r24:	0	0	0	0	0	0	0	0

data:
216:1	2	1	2	1	6	7	2
248:1	6	7
====================
cycle:20	172	NOP

registers:
r00:	5	0	0	0	0	0	0	0
r08:	0	0	0	0	0	0	0	0
r16:	0	0	0	0	0	0	0	0
r24:	0	0	0	0	0	0	0	0

data:
216:1	2	1	2	1	6	7	2
248:1	6	7
====================
cycle:21	176	NOP

registers:
r00:	5	0	0	0	0	0	0	0
r08:	0	0	0	0	0	0	0	0
r16:	0	0	0	0	0	0	0	0
r24:	0	0	0	0	0	0	0	0

data:
216:1	2	1	2	1	6	7	2
248:1	6	7
====================
cycle:22	180	NOP

registers:
r00:	5	0	0	0	0	0	0	0
r08:	0	0	0	0	0	0	0	0
r16:	0	0	0	0	0	0	0	0
r24:	0	0	0	0	0	0	0	0

data:
216:1	2	1	2	1	6	7	2
248:1	6	7
====================
cycle:23	184	B	#2

registers:
r00:	5	0	0	0	0	0	0	0
r08:	0	0	0	0	0	0	0	0
r16:	0	0	0	0	0	0	0	0
r24:	0	0	0	0	0	0	0	0

data:
216:1	2	1	2	1	6	7	2
248:1	6	7
====================
cycle:24	192	NOP

registers:
r00:	5	0	0	0	0	0	0	0
r08:	0	0	0	0	0	0	0	0
r16:	0	0	0	0	0	0	0	0
r24:	0	0	0	0	0	0	0	0

data:
216:1	2	1	2	1	6	7	2
248:1	6	7
====================
cycle:25	196	NOP

registers:
r00:	5	0	0	0	0	0	0	0
r08:	0	0	0	0	0	0	0	0
r16:	0	0	0	0	0	0	0	0
r24:	0	0	0	0	0	0	0	0

data:
216:1	2	1	2	1	6	7	2
248:1	6	7
====================
cycle:26	200	NOP

registers:
r00:	5	0	0	0	0	0	0	0
r08:	0	0	0	0	0	0	0	0
r16:	0	0	0	0	0	0	0	0
r24:	0	0	0	0	0	0	0	0

data:
216:1	2	1	2	1	6	7	2
248:1	6	7
====================
cycle:27	204	B	#-4

registers:
r00:	5	0	0	0	0	0	0	0
r08:	0	0	0	0	0	0	0	0
r16:	0	0	0	0	0	0	0	0
r24:	0	0	0	0	0	0	0	0

data:
216:1	2	1	2	1	6	7	2
248:1	6	7
====================
cycle:28	188	B	#5

registers:
r00:	5	0	0	0	0	0	0	0
r08:	0	0	0	0	0	0	0	0
r16:	0	0	0	0	0	0	0	0
r24:	0	0	0	0	0	0	0	0

data:
216:1	2	1	2	1	6	7	2
248:1	6	7
====================
cycle:29	208	NOP

registers:
r00:	5	0	0	0	0	0	0	0
r08:	0	0	0	0	0	0	0	0
r16:	0	0	0	0	0	0	0	0
r24:	0	0	0	0	0	0	0	0

data:
216:1	2	1	2	1	6	7	2
248:1	6	7
====================
cycle:30	212	BREAK

registers:
r00:	5	0	0	0	0	0	0	0
r08:	0	0	0	0	0	0	0	0
r16:	0	0	0	0	0	0	0	0
r24:	0	0	0	0	0	0	0	0

data:
216:1	2	1	2	1	6	7	2
248:1	6	7
