1001000100 000000000101 00001 00000	96	ADDI	R0, R1, #5
000101 00000000000000000000001110	100	B	#14
00000000000 00000 000000 00000 00000	104	NOP
00000000000 00000 000000 00000 00000	108	NOP
00000000000 00000 000000 00000 00000	112	NOP
00000000000 00000 000000 00000 00000	116	NOP
00000000000 00000 000000 00000 00000	120	NOP
00000000000 00000 000000 00000 00000	124	NOP
00000000000 00000 000000 00000 00000	128	NOP
00000000000 00000 000000 00000 00000	132	NOP
00000000000 00000 000000 00000 00000	136	NOP
00000000000 00000 000000 00000 00000	140	NOP
00000000000 00000 000000 00000 00000	144	NOP
00000000000 00000 000000 00000 00000	148	NOP
000101 00000000000000000000000010	152	B	#2
000101 11111111111111111111110011	156	B	#-13
00000000000 00000 000000 00000 00000	160	NOP
00000000000 00000 000000 00000 00000	164	NOP
00000000000 00000 000000 00000 00000	168	NOP
00000000000 00000 000000 00000 00000	172	NOP
00000000000 00000 000000 00000 00000	176	NOP
00000000000 00000 000000 00000 00000	180	NOP
000101 00000000000000000000000010	184	B	#2
000101 00000000000000000000000101	188	B	#5
00000000000 00000 000000 00000 00000	192	NOP
00000000000 00000 000000 00000 00000	196	NOP
00000000000 00000 000000 00000 00000	200	NOP
000101 11111111111111111111111100	204	B	#-4
00000000000 00000 000000 00000 00000	208	NOP
11111110 110 11110 11111 11111 100111	212	BREAK
00000000000000000000000000000001	216	1
00000000000000000000000000000010	220	2
00000000000000000000000000000001	224	1
00000000000000000000000000000010	228	2
00000000000000000000000000000001	232	1
00000000000000000000000000000110	236	6
00000000000000000000000000000111	240	7
00000000000000000000000000000010	244	2
00000000000000000000000000000001	248	1
00000000000000000000000000000110	252	6
00000000000000000000000000000111	256	7
